84
0.013180203388633058
2
277
5 73 -1
31 75 -1
0 82 -1
19 71 -1
46 47 -1
6 26 -1
61 82 -1
32 51 -1
1 3 -1
33 51 -1
18 39 -1
0 54 -1
69 70 -1
64 81 -1
18 24 -1
41 73 4
49 59 -1
0 7 -1
55 58 -1
2 23 -1
13 26 -1
40 72 -1
49 79 -1
14 19 -1
4 28 -1
0 12 -1
27 44 -1
46 68 -1
16 47 -1
1 55 -1
5 21 -1
19 48 -1
5 30 -1
27 46 -1
50 55 -1
50 51 -1
18 65 -1
66 71 -1
2 50 -1
32 83 -1
21 26 -1
54 70 -1
12 48 -1
31 68 -1
26 80 -1
72 74 -1
48 79 -1
29 80 -1
10 26 -1
38 39 -1
27 51 -1
41 69 -1
48 68 -1
12 31 -1
31 54 -1
15 21 -1
63 83 -1
15 27 -1
71 82 -1
16 80 -1
76 78 -1
10 41 -1
4 32 -1
47 69 -1
3 37 -1
2 73 2
4 42 -1
59 76 -1
28 33 -1
74 76 -1
32 33 -1
57 65 -1
42 54 -1
24 51 -1
16 60 -1
27 31 -1
44 56 -1
16 74 -1
14 52 -1
27 40 -1
7 30 -1
24 31 -1
45 69 -1
8 17 -1
34 53 1
54 65 -1
3 56 -1
12 70 -1
59 73 -1
28 44 -1
8 40 -1
2 69 -1
55 72 -1
4 43 -1
11 61 -1
26 78 -1
6 21 -1
29 42 -1
2 52 -1
18 50 -1
38 63 -1
76 82 -1
20 45 -1
2 82 -1
13 23 -1
24 33 -1
35 53 -1
4 40 -1
10 50 -1
46 49 -1
61 81 -1
36 65 -1
13 43 -1
63 80 -1
20 63 -1
34 46 -1
13 67 -1
23 38 -1
22 70 -1
3 21 -1
0 23 -1
71 81 -1
12 41 -1
0 28 -1
1 36 -1
39 75 -1
45 48 -1
1 77 -1
21 82 1
25 57 -1
34 75 -1
25 60 -1
12 80 -1
17 30 -1
11 60 -1
1 63 -1
5 29 -1
37 81 -1
42 51 -1
32 74 -1
16 53 -1
6 53 -1
8 70 -1
26 64 -1
30 80 -1
36 57 -1
63 71 -1
14 20 -1
53 70 -1
9 71 -1
19 80 -1
35 68 -1
0 71 -1
19 25 -1
12 50 -1
38 75 -1
13 46 1
70 72 -1
40 61 -1
11 18 -1
5 65 -1
27 36 -1
23 58 -1
17 64 -1
25 69 -1
34 71 -1
41 68 -1
6 36 -1
7 57 -1
40 68 -1
1 32 -1
30 64 -1
8 48 -1
74 78 -1
19 60 -1
37 49 -1
10 43 -1
33 48 -1
31 51 -1
14 54 -1
4 44 -1
21 33 -1
35 65 -1
9 16 -1
15 23 -1
22 44 -1
13 47 -1
29 44 -1
13 36 -1
20 41 -1
21 23 -1
1 70 -1
60 77 -1
29 52 -1
5 64 -1
13 38 -1
19 37 -1
14 51 -1
39 52 -1
31 56 -1
35 40 -1
15 48 -1
18 69 -1
44 77 -1
15 30 -1
10 48 -1
7 61 -1
21 54 -1
54 72 -1
36 71 -1
51 71 -1
8 77 -1
26 43 -1
17 43 -1
25 48 -1
8 51 -1
3 28 -1
62 63 -1
50 75 -1
11 53 -1
25 29 -1
8 60 -1
6 62 -1
34 60 -1
31 57 -1
29 76 -1
56 65 -1
37 79 -1
16 63 -1
21 38 -1
32 79 -1
70 71 -1
32 63 -1
6 68 -1
22 38 -1
15 20 -1
19 83 -1
3 11 -1
24 64 -1
19 67 -1
12 24 -1
38 54 -1
72 77 -1
11 21 -1
33 55 -1
70 80 -1
74 79 -1
22 34 -1
26 59 -1
11 78 -1
39 46 -1
1 62 -1
47 70 -1
47 64 -1
26 37 -1
17 27 -1
76 83 -1
9 19 -1
34 40 -1
26 82 -1
22 53 -1
6 42 -1
64 69 -1
21 43 -1
33 40 -1
6 59 -1
6 7 -1
33 57 -1
50 79 -1
65 79 -1
13 17 -1
35 71 -1
63 70 -1
20 28 -1
15 24 -1
19 29 -1
53 66 -1
