100
0.023112787015918956
1
236
32 73 -1
13 78 8
31 85 -1
8 9 -1
57 96 5
78 81 7
47 52 -1
73 87 7
16 84 -1
11 84 -1
35 44 -1
15 47 -1
5 14 -1
36 71 3
27 77 -1
30 94 5
75 82 -1
7 27 -1
12 67 -1
6 33 -1
12 54 6
21 27 -1
2 3 5
43 54 -1
29 99 -1
48 97 6
60 97 7
42 72 -1
15 67 -1
84 87 -1
2 47 -1
35 36 3
0 42 6
28 59 5
42 64 7
52 96 6
10 78 3
5 96 6
66 85 -1
45 89 -1
76 78 -1
67 83 -1
43 72 -1
10 16 4
57 76 -1
68 99 -1
58 80 4
41 51 -1
35 37 2
45 98 4
25 66 4
1 11 6
23 64 7
17 56 -1
16 54 1
46 49 -1
6 18 6
70 81 8
80 97 7
35 98 6
74 76 -1
1 6 7
50 92 9
13 18 7
15 40 4
45 74 9
29 40 6
59 96 5
13 65 9
52 80 6
65 76 -1
19 79 3
11 98 3
36 79 7
11 46 6
3 88 6
53 97 10
16 94 7
12 95 9
28 85 -1
46 54 4
13 49 -1
19 51 -1
51 79 -1
24 85 -1
2 22 11
37 43 -1
39 63 5
50 64 3
56 91 -1
13 92 1
59 67 -1
76 83 -1
53 98 3
66 81 5
3 55 5
2 75 10
68 70 5
16 46 5
49 74 -1
75 87 9
50 56 -1
19 62 -1
37 79 5
29 84 -1
43 80 -1
54 63 1
50 76 -1
23 59 5
58 94 4
12 68 5
16 24 6
36 75 8
20 28 7
3 4 4
37 48 3
14 50 -1
73 76 -1
22 60 8
5 77 2
4 51 -1
60 98 5
39 73 3
30 57 4
92 99 -1
5 25 5
4 33 -1
34 55 6
55 76 -1
38 97 8
36 59 6
4 31 -1
68 89 -1
39 90 2
4 90 2
21 44 -1
22 78 7
45 85 -1
1 87 5
25 64 4
81 92 10
15 66 6
7 59 5
23 79 6
8 61 -1
63 95 4
24 29 4
23 72 -1
38 39 3
10 33 -1
49 61 -1
88 93 3
87 90 6
64 76 -1
33 86 -1
63 80 7
11 28 4
19 30 5
79 98 4
31 95 -1
16 65 6
54 79 5
46 48 4
81 95 9
21 37 5
43 52 -1
77 96 6
34 93 4
59 88 6
12 16 7
14 81 -1
57 66 3
34 36 8
66 98 1
50 51 -1
28 75 7
15 64 5
65 77 6
22 29 7
17 68 6
65 70 7
36 63 6
1 98 3
25 59 4
13 60 6
5 52 2
41 43 -1
67 77 -1
44 95 -1
60 89 -1
26 86 6
18 64 4
32 42 -1
42 45 4
51 77 -1
9 96 -1
14 84 -1
22 57 6
55 75 5
16 59 5
3 84 -1
52 83 7
34 82 -1
10 94 3
20 62 -1
32 77 -1
15 39 6
56 87 -1
46 75 2
51 90 -1
21 84 -1
7 60 7
5 29 5
31 89 -1
29 82 -1
50 86 6
30 45 6
27 94 -1
46 52 1
13 64 7
22 87 10
32 58 -1
53 64 7
50 62 -1
9 56 -1
7 89 -1
51 87 -1
71 72 -1
56 74 -1
24 59 7
62 96 -1
0 24 6
57 59 1
28 56 -1
16 79 6
8 69 -1
