99
0.015955733265444236
9
830
29 37 -1
10 22 -1
51 76 9
6 62 6
16 90 2
30 97 4
74 78 -1
40 93 4
8 56 -1
9 70 -1
39 80 -1
9 68 -1
90 95 -1
13 88 -1
15 79 6
46 74 8
20 60 -1
64 65 -1
6 60 10
23 27 -1
53 73 2
26 31 3
53 84 4
9 89 -1
15 45 7
24 55 5
57 89 1
63 85 -1
61 80 -1
26 35 10
19 23 9
17 78 -1
54 61 -1
39 95 -1
5 64 7
1 82 -1
20 74 -1
20 43 -1
56 87 -1
82 87 -1
7 72 -1
15 78 -1
50 80 -1
34 81 -1
81 82 -1
4 64 10
41 85 2
52 83 10
6 81 -1
67 96 9
18 41 -1
68 91 9
60 71 3
65 70 -1
16 67 6
46 77 6
27 63 -1
65 77 -1
0 32 1
6 13 10
37 71 3
18 81 -1
4 47 -1
13 65 -1
12 53 3
54 68 5
21 77 7
6 50 7
45 94 5
55 56 -1
42 75 -1
82 85 -1
52 55 9
1 16 4
0 16 -1
59 72 -1
57 70 6
1 25 8
7 36 -1
6 34 12
68 83 10
56 97 -1
63 87 -1
5 13 4
89 94 7
25 72 -1
15 67 4
12 33 4
10 75 -1
6 32 -1
1 69 -1
87 88 -1
33 78 -1
21 55 9
12 60 5
16 23 6
47 59 -1
35 49 -1
57 92 3
66 88 -1
4 25 2
41 42 5
10 38 1
25 33 7
35 76 4
47 84 -1
13 35 5
79 98 10
9 81 -1
36 94 4
11 85 -1
13 44 5
9 54 -1
66 77 4
6 12 9
5 92 4
15 23 3
24 51 6
4 34 9
8 53 -1
54 67 6
36 92 6
61 83 -1
55 66 4
61 82 -1
41 71 3
22 97 -1
34 87 5
37 74 8
38 57 8
35 61 -1
6 18 -1
18 43 -1
48 78 -1
25 42 6
2 79 -1
14 57 4
14 92 1
32 77 -1
3 19 3
9 66 -1
58 61 -1
15 88 -1
3 26 7
27 41 -1
0 82 -1
29 46 -1
55 73 6
38 91 4
7 90 -1
13 68 9
35 75 -1
42 68 7
86 87 -1
58 71 2
51 79 3
67 78 -1
3 70 1
23 38 9
71 90 4
53 64 6
4 10 5
45 90 4
10 67 5
76 98 5
73 97 3
34 69 -1
27 95 -1
76 91 7
31 34 11
34 58 5
83 92 8
61 67 -1
72 92 -1
44 91 5
21 31 6
56 88 -1
9 55 -1
73 96 4
63 77 -1
72 91 -1
8 65 -1
54 56 -1
32 46 -1
36 74 8
38 47 -1
28 79 -1
18 93 -1
22 23 -1
6 35 10
20 73 -1
20 36 -1
33 47 -1
31 52 6
36 60 1
46 83 7
25 41 7
42 84 4
24 37 3
82 91 -1
3 56 -1
67 89 5
39 78 -1
15 93 5
47 57 -1
9 43 -1
57 75 -1
36 86 -1
30 86 -1
68 73 7
23 33 8
16 84 5
2 96 -1
60 93 5
7 64 -1
13 28 -1
18 50 -1
4 78 -1
7 78 1
58 59 -1
30 44 6
67 72 -1
37 67 7
28 80 -1
10 19 1
47 88 -1
35 72 -1
24 38 4
5 78 -1
42 98 8
13 14 8
69 80 -1
4 8 -1
53 61 -1
48 71 5
17 22 -1
50 65 -1
44 53 5
20 83 -1
12 80 -1
13 69 -1
54 80 -1
18 37 -1
27 51 -1
85 86 -1
21 54 5
40 90 5
2 8 -1
21 57 5
50 73 3
19 69 -1
33 64 9
30 77 3
25 97 5
81 94 -1
13 67 6
21 66 6
53 88 -1
64 98 6
22 28 -1
87 94 5
35 50 3
40 50 5
18 58 -1
21 90 6
56 67 -1
59 83 -1
65 84 -1
26 79 10
11 19 -1
13 18 -1
45 83 2
8 26 -1
45 79 3
44 68 10
14 90 5
57 58 9
12 57 7
15 40 2
27 75 -1
30 51 6
13 52 9
26 61 -1
40 66 5
39 74 8
65 91 -1
27 52 -1
7 66 -1
9 63 -1
35 86 -1
38 56 -1
22 56 -1
55 89 7
17 90 6
6 7 -1
39 93 3
2 31 -1
55 76 8
52 90 6
1 68 8
38 58 4
41 66 4
72 79 -1
28 54 -1
74 81 -1
16 70 3
15 83 7
29 49 -1
7 77 -1
7 97 -1
33 55 6
39 76 2
46 58 5
69 83 -1
60 77 4
45 87 4
42 52 7
20 78 -1
37 45 4
28 86 -1
8 75 -1
22 42 -1
27 73 -1
28 91 -1
46 48 8
23 43 -1
73 76 7
3 91 3
14 97 7
44 74 10
73 84 4
38 67 6
26 66 8
27 45 -1
1 2 -1
56 58 -1
28 33 -1
33 74 8
23 62 3
32 65 -1
7 85 -1
37 70 1
70 71 2
10 25 5
42 65 -1
55 92 7
46 69 -1
7 92 -1
48 94 7
9 74 -1
24 87 3
7 55 -1
77 92 5
60 90 3
7 42 -1
17 81 -1
50 89 4
21 98 3
82 90 -1
43 82 -1
29 41 -1
63 75 -1
40 83 9
58 74 10
51 89 8
37 49 -1
66 70 3
18 39 -1
34 78 -1
49 59 1
5 60 5
30 58 6
26 77 8
1 52 8
6 72 -1
36 64 9
35 38 5
10 78 -1
74 87 8
42 81 -1
19 47 -1
43 78 -1
23 74 6
38 61 -1
9 88 -1
18 67 -1
5 97 3
14 89 3
29 38 -1
4 84 6
0 61 -1
5 35 3
3 80 -1
12 62 7
32 51 -1
52 66 7
56 85 -1
24 90 2
14 70 6
30 38 5
28 98 -1
87 90 2
17 62 9
43 63 -1
52 81 -1
25 70 6
44 83 7
23 75 -1
2 6 -1
6 38 10
36 65 -1
8 98 -1
49 75 -1
15 49 -1
45 57 9
9 80 -1
22 44 -1
3 81 -1
7 37 -1
9 69 -1
7 21 -1
53 70 2
33 98 9
25 27 -1
26 69 -1
39 60 8
26 68 7
66 74 7
3 72 -1
14 24 5
16 35 5
69 75 -1
21 52 4
24 85 3
70 77 2
35 77 6
19 25 6
2 84 -1
14 25 8
40 44 9
5 84 4
34 56 -1
0 70 -1
31 61 -1
60 75 -1
37 75 -1
19 65 -1
64 79 10
75 97 -1
36 80 -1
27 35 -1
72 98 -1
64 84 10
21 28 -1
14 85 6
63 71 -1
28 55 -1
36 45 2
21 71 7
62 83 9
56 70 -1
32 76 -1
4 42 6
27 47 -1
64 72 -1
11 87 -1
68 98 1
38 74 9
54 66 8
38 50 4
32 89 -1
39 63 -1
59 61 -1
18 33 -1
84 97 1
4 85 7
13 84 2
63 76 -1
47 68 -1
59 64 -1
21 34 11
49 83 -1
26 96 10
37 83 5
26 28 -1
10 59 -1
6 94 10
14 18 -1
19 83 6
39 59 -1
30 75 -1
21 94 9
41 60 2
13 54 10
2 22 -1
37 92 6
26 78 -1
30 62 3
6 73 8
12 51 6
14 65 -1
3 30 2
4 92 7
27 36 -1
15 16 3
9 50 -1
79 86 -1
31 38 9
39 50 5
29 87 -1
24 71 4
23 30 4
11 43 -1
37 56 -1
61 87 -1
29 92 -1
22 39 -1
53 87 3
60 83 3
42 62 6
7 43 -1
35 37 6
4 70 6
0 28 -1
63 72 -1
68 76 4
10 27 -1
19 50 4
11 79 -1
15 51 7
88 95 -1
26 92 5
57 83 9
13 76 7
0 50 -1
50 93 2
12 35 7
19 93 4
20 59 -1
48 65 -1
32 50 -1
41 63 -1
20 70 -1
16 68 6
15 47 -1
22 75 -1
53 82 -1
8 78 -1
75 84 -1
21 68 2
19 24 4
34 66 6
3 96 3
25 43 -1
37 91 3
83 90 4
3 10 2
28 36 -1
62 91 8
57 64 6
5 40 5
11 96 -1
14 94 8
2 98 -1
2 34 -1
36 54 9
25 76 5
3 36 4
49 96 -1
73 93 5
68 82 -1
12 43 -1
21 27 -1
35 85 6
69 79 -1
59 70 -1
68 94 9
47 80 -1
43 46 -1
36 61 -1
5 93 2
59 80 -1
23 57 5
10 96 5
9 35 -1
16 39 7
9 11 -1
20 95 -1
61 88 -1
60 62 8
9 71 -1
1 85 5
55 82 -1
2 42 -1
42 67 6
82 96 -1
17 80 -1
12 92 6
20 23 -1
17 68 10
92 98 3
0 48 -1
45 62 9
9 84 -1
16 55 5
18 49 -1
16 71 4
16 83 6
3 57 5
90 97 4
2 5 -1
21 33 8
50 81 -1
7 19 -1
34 71 5
28 74 -1
29 75 -1
55 63 -1
24 98 7
63 66 -1
9 62 -1
62 97 7
7 63 -1
5 63 -1
69 90 -1
3 25 6
14 71 7
15 41 6
28 42 -1
6 77 8
91 93 4
48 76 10
79 87 3
23 47 -1
21 36 8
88 91 -1
33 70 3
61 65 -1
54 76 5
42 88 -1
5 8 -1
31 55 9
2 52 -1
84 89 7
53 86 -1
6 25 11
0 10 -1
68 72 -1
78 81 -1
26 94 10
29 32 -1
57 66 6
13 53 4
16 43 -1
12 17 6
31 94 9
36 70 4
35 53 4
11 55 -1
9 32 -1
47 65 -1
42 87 3
71 80 -1
4 22 -1
77 91 4
19 62 8
15 20 -1
29 84 -1
51 72 -1
47 60 -1
11 45 -1
15 80 -1
84 96 6
81 91 -1
28 66 -1
50 53 1
50 88 -1
84 91 2
7 68 -1
43 74 -1
9 75 -1
19 58 4
40 46 3
7 84 -1
57 93 7
31 33 8
28 61 -1
10 92 6
46 59 -1
44 86 -1
4 36 6
25 44 7
1 33 4
9 51 -1
35 42 5
27 93 -1
44 93 5
8 83 -1
12 31 8
0 83 -1
30 69 -1
56 82 -1
29 61 -1
32 75 -1
21 88 -1
5 19 4
68 79 9
11 27 -1
54 70 8
57 63 -1
3 39 7
38 76 7
17 83 5
24 39 7
1 28 -1
79 85 2
0 44 -1
30 73 3
45 63 -1
3 87 2
16 47 -1
41 49 -1
43 79 -1
37 87 4
1 18 -1
36 84 4
27 74 -1
31 88 -1
0 49 1
59 82 -1
41 72 -1
13 72 -1
9 39 -1
31 67 7
33 43 -1
25 45 7
61 86 -1
2 35 -1
26 86 -1
18 96 -1
82 95 -1
29 48 -1
17 36 5
69 87 -1
20 87 -1
2 57 -1
5 76 5
42 61 -1
67 92 3
30 53 1
10 54 9
46 61 -1
18 29 -1
25 51 8
58 72 -1
52 68 4
47 55 -1
0 60 -1
86 97 -1
10 39 6
38 52 9
34 59 -1
30 95 -1
2 50 -1
52 96 9
35 74 9
10 41 4
8 40 -1
5 33 4
0 19 -1
6 66 8
73 83 6
42 86 -1
12 34 7
19 57 8
62 80 -1
29 66 -1
34 68 11
25 77 7
52 57 5
36 79 1
20 94 -1
24 49 -1
74 96 9
21 32 -1
34 79 4
16 74 6
14 29 -1
12 86 -1
33 50 4
29 81 -1
44 90 6
19 77 4
6 24 7
13 73 4
23 37 8
39 53 6
0 65 -1
36 48 3
62 76 3
22 94 -1
14 43 -1
16 27 -1
58 89 8
16 86 -1
30 59 -1
10 81 -1
9 16 -1
41 95 -1
22 52 -1
52 56 -1
59 74 -1
83 85 3
22 83 -1
24 89 4
35 43 -1
27 90 -1
43 73 -1
35 44 6
61 89 -1
16 76 6
25 81 -1
35 40 5
57 62 4
28 38 -1
62 89 3
27 89 -1
10 76 6
54 92 3
68 95 -1
