52
0.03605446401344817
3
206
41 50 6
39 51 1
7 48 5
10 27 5
26 50 -1
20 46 7
31 51 11
1 8 -1
14 22 -1
1 46 4
16 22 -1
30 34 -1
10 38 4
34 40 -1
31 36 10
16 50 -1
16 25 -1
21 48 4
36 44 4
48 50 5
23 32 7
21 41 1
8 50 -1
13 36 -1
3 35 5
5 35 5
8 23 -1
3 25 8
19 43 1
11 32 -1
25 31 2
19 36 2
10 41 7
7 20 7
26 49 -1
23 25 7
32 48 2
3 7 3
2 37 -1
0 13 -1
28 48 5
3 4 -1
10 49 -1
20 24 -1
33 40 4
7 33 4
28 44 3
46 47 -1
30 44 8
28 38 3
3 29 4
8 29 -1
2 13 -1
3 44 2
6 51 10
14 43 9
35 44 5
30 36 8
22 27 -1
26 28 -1
30 42 6
20 42 2
31 33 12
29 38 4
6 20 5
0 35 -1
28 46 2
19 21 4
8 27 -1
4 11 -1
0 18 -1
2 49 -1
1 35 2
17 26 -1
12 24 -1
4 38 -1
24 31 -1
16 46 -1
0 43 -1
0 22 -1
34 49 -1
41 44 5
1 7 4
19 28 2
1 37 4
40 43 3
0 31 -1
9 18 10
7 35 6
3 43 2
29 31 12
0 7 -1
18 38 4
4 14 -1
17 44 8
0 25 -1
3 13 -1
44 46 4
11 36 -1
19 39 4
25 32 6
9 37 3
1 16 -1
18 50 5
22 23 -1
12 50 4
15 48 3
2 14 -1
1 38 1
2 27 -1
23 29 11
24 45 -1
0 9 -1
12 38 1
31 35 5
36 41 3
27 51 12
10 33 8
21 29 6
2 45 -1
46 48 5
4 34 -1
24 29 -1
32 39 2
23 48 5
20 51 7
5 50 5
29 36 6
1 14 4
30 51 9
3 18 4
14 49 -1
35 49 -1
0 5 -1
1 30 5
24 44 -1
9 48 6
8 49 -1
3 22 -1
26 35 -1
17 32 6
3 24 -1
24 33 -1
23 28 10
5 49 -1
8 21 -1
19 22 -1
9 17 8
35 39 5
33 44 5
24 26 -1
41 42 9
16 40 -1
23 27 10
3 5 4
11 22 -1
12 44 3
14 20 1
28 29 5
20 26 -1
43 46 1
22 37 -1
17 39 8
23 31 9
1 19 4
15 45 5
12 39 3
11 49 -1
10 18 6
18 41 3
4 24 -1
46 51 1
0 36 -1
24 30 -1
24 39 -1
6 45 11
14 48 3
2 21 -1
14 45 9
15 25 7
13 21 -1
31 32 8
36 49 -1
14 23 2
15 47 -1
9 14 7
22 36 -1
38 50 3
20 21 6
42 49 -1
7 34 -1
8 36 -1
17 45 10
13 16 1
8 37 -1
1 36 3
8 32 -1
43 49 -1
10 13 -1
24 35 -1
12 28 4
11 44 -1
28 31 11
4 39 -1
2 44 -1
6 47 -1
