83
0.01248241908887733
8
564
5 63 -1
2 50 -1
20 79 -1
12 31 -1
6 37 -1
8 38 3
25 33 -1
24 60 -1
14 18 -1
8 34 -1
53 71 -1
17 79 -1
43 80 -1
39 63 -1
36 37 -1
55 63 6
0 12 -1
19 61 6
22 57 5
35 45 -1
8 40 2
36 53 -1
50 76 -1
49 59 -1
38 39 -1
71 78 -1
56 73 -1
63 73 -1
7 29 -1
24 76 -1
48 50 -1
65 72 -1
8 79 -1
1 73 -1
15 59 -1
33 53 -1
6 30 5
34 63 -1
66 77 -1
0 45 -1
19 56 5
18 20 -1
3 32 -1
9 49 -1
0 43 -1
21 25 -1
20 35 -1
23 31 -1
2 37 -1
42 47 -1
4 60 -1
20 54 -1
43 64 8
8 57 3
32 69 -1
30 46 -1
44 52 -1
30 58 -1
12 55 -1
49 75 -1
20 64 -1
60 74 -1
13 60 -1
11 36 -1
43 62 2
6 64 7
41 49 -1
16 73 -1
62 72 5
5 65 -1
56 80 -1
3 19 1
27 77 -1
2 56 5
6 48 6
20 71 -1
1 53 4
30 51 -1
52 58 2
32 56 -1
9 61 -1
23 62 -1
6 44 -1
17 36 -1
66 79 -1
36 77 -1
31 40 -1
22 60 5
39 82 -1
10 29 -1
52 75 -1
34 56 -1
62 65 -1
44 45 -1
7 17 -1
6 51 -1
5 80 -1
29 73 -1
19 21 5
27 31 -1
19 23 -1
3 60 4
9 51 -1
5 74 -1
21 75 -1
21 39 -1
64 77 -1
24 39 -1
34 51 2
35 71 -1
54 66 -1
7 54 1
39 46 -1
25 61 -1
33 51 -1
28 80 -1
69 71 -1
13 40 -1
43 58 -1
37 41 -1
62 79 -1
18 43 -1
18 36 -1
24 40 -1
54 73 -1
27 66 -1
31 37 -1
10 49 -1
23 37 -1
15 66 -1
40 63 1
15 60 -1
11 43 4
3 17 -1
25 49 -1
3 29 -1
0 51 -1
15 40 -1
67 75 -1
14 24 -1
19 80 -1
18 68 -1
36 61 -1
55 80 -1
55 78 -1
28 55 4
3 6 4
31 75 -1
19 47 4
17 20 -1
41 61 3
17 22 -1
21 31 -1
14 59 -1
20 75 -1
15 41 -1
43 69 -1
73 78 -1
3 47 3
23 26 -1
33 63 -1
52 68 -1
8 80 -1
10 35 -1
8 75 -1
45 66 -1
27 54 -1
17 30 -1
26 39 -1
67 74 -1
31 53 -1
7 32 -1
31 54 -1
63 66 -1
2 66 -1
39 60 -1
22 75 -1
54 60 -1
18 40 -1
1 29 -1
23 55 -1
32 58 -1
4 6 -1
25 31 -1
27 67 -1
45 80 -1
36 68 -1
9 70 -1
36 79 -1
28 81 -1
10 57 -1
45 68 -1
59 79 -1
61 79 -1
56 77 -1
9 11 -1
31 35 -1
0 23 -1
24 77 -1
11 35 -1
42 63 -1
23 80 -1
16 47 6
9 23 -1
61 66 -1
2 47 3
24 38 -1
26 62 -1
16 50 -1
40 43 3
42 68 -1
13 52 -1
18 56 -1
72 75 -1
32 66 -1
7 18 -1
29 46 -1
8 31 -1
56 70 -1
21 78 -1
17 38 -1
44 78 -1
13 31 -1
28 62 4
14 81 -1
31 51 -1
28 35 -1
6 79 -1
67 81 -1
36 48 -1
15 25 -1
12 56 -1
39 59 -1
41 45 -1
2 5 -1
55 77 -1
12 54 -1
6 66 -1
46 69 -1
36 46 -1
26 29 -1
52 57 -1
69 70 -1
10 80 -1
51 67 -1
36 58 -1
13 41 -1
17 18 -1
36 64 -1
17 71 -1
11 61 5
17 53 -1
40 62 3
7 80 -1
29 72 -1
8 15 -1
10 62 -1
6 70 -1
9 63 -1
53 80 -1
38 41 2
2 54 -1
18 81 -1
33 64 -1
21 54 -1
17 23 -1
39 69 -1
51 63 -1
40 75 -1
16 28 5
33 71 -1
62 71 -1
15 31 -1
10 72 -1
6 29 -1
42 44 -1
31 81 2
47 63 3
18 33 -1
26 43 -1
53 61 6
26 69 -1
47 66 -1
34 68 -1
9 14 -1
16 55 9
70 81 -1
10 61 -1
36 42 -1
30 81 -1
46 70 -1
3 67 5
28 71 -1
32 42 -1
4 16 -1
41 57 4
30 59 -1
67 76 5
23 69 -1
2 18 -1
0 61 -1
2 71 -1
36 80 -1
28 61 3
48 62 7
13 18 -1
29 37 -1
57 80 -1
26 63 -1
29 41 -1
64 76 2
23 72 -1
7 11 -1
21 38 4
19 73 -1
41 63 4
41 73 -1
43 46 -1
7 78 -1
45 51 -1
46 71 -1
12 68 -1
5 31 -1
37 49 -1
34 55 -1
70 73 -1
46 78 -1
30 64 4
42 74 -1
10 23 -1
17 24 -1
43 70 -1
53 65 -1
15 67 -1
6 55 7
42 71 -1
24 41 -1
9 45 -1
17 44 -1
13 42 -1
2 51 -1
13 22 -1
24 51 -1
22 31 -1
52 79 -1
13 73 -1
10 21 -1
5 44 -1
35 70 -1
17 74 -1
68 71 -1
5 27 -1
54 62 -1
18 39 -1
42 69 -1
53 62 7
34 67 -1
21 46 -1
12 79 -1
61 78 -1
40 50 -1
38 50 -1
16 20 -1
60 79 -1
11 78 -1
58 82 -1
47 50 -1
3 55 4
29 66 -1
4 10 -1
31 73 -1
9 15 -1
35 69 -1
13 63 -1
37 40 -1
10 44 -1
2 20 -1
48 67 4
2 38 4
24 49 -1
46 51 -1
19 65 -1
45 74 -1
67 68 -1
30 65 -1
62 73 -1
29 80 -1
36 56 -1
26 40 -1
10 30 -1
19 41 6
54 56 -1
55 66 -1
42 76 -1
48 63 5
54 78 -1
8 69 -1
32 82 -1
71 81 -1
6 62 5
76 79 -1
62 80 -1
1 41 4
13 59 -1
13 28 -1
15 28 -1
14 78 -1
25 56 -1
50 65 -1
6 53 6
38 75 -1
24 53 -1
73 82 -1
27 36 -1
2 13 -1
62 66 -1
65 69 -1
13 47 -1
55 76 4
26 73 -1
36 49 -1
14 50 -1
34 73 -1
17 40 -1
24 43 -1
18 58 -1
46 79 -1
4 41 -1
19 30 3
23 74 -1
17 78 -1
41 62 2
7 40 -1
9 69 -1
44 79 -1
29 45 -1
14 16 -1
58 72 -1
49 67 -1
42 43 -1
55 57 6
0 28 -1
5 62 -1
43 78 -1
1 47 3
64 70 -1
10 76 -1
35 48 -1
29 53 -1
44 62 -1
19 55 5
25 74 -1
61 74 -1
7 19 -1
63 80 -1
1 32 -1
19 76 3
19 42 -1
12 37 -1
25 36 -1
39 45 -1
18 22 -1
18 31 -1
4 68 -1
50 81 -1
10 55 -1
17 19 -1
8 82 -1
0 1 -1
55 73 -1
7 26 -1
13 79 -1
20 63 -1
6 22 6
20 82 -1
36 67 -1
21 68 -1
46 81 -1
1 56 3
18 66 -1
3 81 -1
52 54 -1
47 75 -1
12 52 -1
3 61 5
16 33 -1
34 48 -1
43 65 -1
19 49 -1
9 47 -1
63 77 -1
1 75 -1
32 36 -1
35 36 -1
41 48 7
30 74 -1
10 67 -1
5 22 -1
60 75 -1
78 82 -1
18 52 -1
47 49 -1
12 50 -1
55 74 -1
15 23 -1
1 38 2
65 81 -1
38 74 -1
58 65 -1
13 25 -1
25 65 -1
35 63 -1
8 64 5
50 63 -1
55 56 7
41 59 -1
58 71 1
3 20 -1
9 75 -1
16 48 8
36 60 -1
54 74 -1
9 81 -1
41 80 -1
4 51 -1
24 54 -1
1 5 -1
38 45 -1
9 28 -1
0 75 -1
37 48 -1
3 48 3
56 65 -1
2 9 -1
22 58 -1
16 42 -1
34 69 -1
64 72 3
59 62 -1
23 53 -1
57 66 -1
4 25 -1
8 32 -1
22 48 4
36 47 -1
12 28 -1
40 70 -1
27 34 -1
50 52 -1
5 25 -1
9 46 -1
39 61 -1
12 66 -1
70 79 -1
2 63 4
28 60 2
3 69 -1
2 32 -1
14 36 -1
0 46 -1
11 75 -1
8 43 5
13 39 -1
60 82 -1
