34
0.040873914623244495
6
144
27 33 -1
3 19 3
0 10 -1
4 5 -1
12 15 -1
16 33 -1
28 33 -1
19 28 -1
7 26 6
4 21 -1
24 28 -1
3 11 -1
18 23 5
4 29 -1
11 13 -1
20 33 -1
12 16 -1
0 23 -1
9 19 -1
0 32 -1
5 32 -1
7 20 6
21 24 -1
4 16 -1
21 27 4
2 19 3
4 26 -1
11 27 -1
22 23 3
10 27 -1
7 23 6
6 17 -1
22 26 3
9 13 -1
20 32 -1
15 33 -1
8 12 -1
9 33 -1
6 28 -1
16 21 -1
10 11 -1
6 12 -1
8 16 -1
14 20 -1
13 30 -1
22 25 -1
10 25 -1
2 7 5
0 11 -1
12 28 -1
8 24 4
25 27 -1
21 25 -1
13 15 -1
5 18 -1
29 31 -1
2 20 5
3 6 -1
15 26 2
6 19 -1
12 14 -1
13 32 -1
18 31 -1
27 30 -1
14 17 -1
30 33 -1
0 5 1
2 28 -1
19 32 -1
9 21 -1
10 13 1
8 11 -1
5 24 -1
2 3 4
30 32 -1
7 15 4
1 9 -1
1 20 3
25 29 -1
14 32 -1
16 30 -1
8 17 -1
20 27 -1
2 9 -1
1 26 3
0 16 -1
7 29 -1
21 23 -1
8 32 -1
18 19 1
9 18 -1
7 14 -1
4 27 -1
1 32 -1
0 17 2
3 4 -1
12 19 -1
5 28 -1
31 32 -1
1 18 2
11 22 -1
11 17 -1
11 19 -1
3 30 -1
10 20 -1
6 27 -1
19 20 4
21 28 -1
11 33 -1
14 21 -1
24 32 -1
15 19 2
7 33 -1
10 17 -1
6 21 -1
22 33 -1
5 17 1
1 17 -1
17 20 -1
13 17 -1
23 25 -1
22 32 -1
2 25 -1
0 26 -1
26 29 -1
21 29 3
14 16 -1
8 14 -1
17 28 -1
29 33 -1
12 17 5
5 29 2
19 31 -1
6 24 -1
20 24 2
11 23 -1
16 28 -1
4 18 -1
31 33 -1
32 33 -1
8 9 -1
14 24 -1
17 25 -1
8 31 -1
