98
00001100001000001000000000000000000000000000000000000000000000000000000000000000000100100000000000
00000000000000000000000000000000000000000000010000000000000000000000000000000000000100000000000000
00000000001000000000000000000000000000000000100000000000000000000000000000000000000000000000000000
00000000000000000000000000000000000000000000100000000000000000000000000000000000100000000000000000
10000000000000000000000000000000010000000100000000000000000000000000000000000000000000000000000000
10000000000000000000000000000000000000000000000000000000000000000000000000000000000000000010000000
00000000000000010000000000000010010000000000000000000000000000000001000000000000000000000000000000
00000000001000000000000000000000000000001000000000000000000000000000000000000000000000000000000000
00000000000000000000000000000000100000000000010000000000000000000001001000000000000000000000000000
00000000000000000110000000000000000000000000000000000000000000000000000000000000000000000000000000
10100001000000000000000000000000000000000000000000000000000000000000000000000000001000000000000000
00000000000000000000010000000000000000000000000000000000000000000000000000000000000000000000000000
00000000000000000000000000000100000000000000000000000000000000000100000000000001001000000000000010
00000000000000000000000000000000000000000000000000000010000000100100000000000000000000000000000000
00000000000000000000001001000000000000000000000000000001000000000000000000000010100000000000000000
00000010000000000000000000000000000000000000000000000000000000000000000000000000000000000000000000
10000000000000000000000000000000000000000000000000000000000000000000000000000000000000000000000000
00000000010000000000000000000000000000000000101000000000000000000000000001000000100000000000000000
00000000010000000000000000010000000000000000100000000000010000000100100010000011000000000000000000
00000000000000000000000000000000000000000000000000000000000000000000000000000000000000000000000000
00000000000000000000000000000000000000000000000000000000000000000000000000000000000000000100000000
00000000000100000000000000000000000000000000100100000000000000000000000000000010000000000000000000
00000000000000100000000000000001000000000000000000000000000000000000000000000000000000000000000000
00000000000000000000000000100000000000000000000000000000000000000000000000000000000000000000000000
00000000000000000000000000000000000100000000000000000000000000000010000000000000001000000001000000
00000000000000100000000000000101000000000000010000000000000000000100000000000000000000000000000000
00000000000000000000000100000000000000000000000000000000000000001000000000000000000001000000000010
00000000000000000010000000000000000000000000000000000000000000000000000000100000000000000000000000
00000000000000000000000000000000000000000000001000000000000000000000000000000000000000000010000000
00000000000010000000000001000000000000000010000000010000000000000000000000000101000000000000000000
00000010000000000000000000000000000000001000010000000000000000000000000000000000000000000000000000
00000000000000000000001001000000000000000000000000100010000000010000000000000000000000000000000000
00000000100000000000000000000000000000000000000000000000000000000000000000000000010100010100000000
00001010000000000000000000000000000000000000000000000100000000000100000000000000000000000000000100
00000000000000000000000000000000000000000000000001000000000000100000000000000000000010000000000000
00000000000000000000000010000000000000000000000001000000100000000000000000100000000000000000000000
00000000000000000000000000000000000000000000000000000000000000000000000010000000000000000000000000
00000000000000000000000000000000000000000000000000000000000000000000000000000000000000000000100100
00000000000000000000000000000000000000000000000010001000000001000000000000000000000000010000000000
00000000000000000000000000000000000000000000000000001100000000001000000000000000000000000000000000
00000001000000000000000000000010000000000000000000000000000000000000000000000000000000000010000000
00001000000000000000000000000000000000000000000000000000000000000000000000000000000000010000000000
00000000000000000000000000000100000000000000000000000000000000000100000000000000000000000000000000
00000000000000000000000000000000000000000000000001000000000000000100001001000000000000000000000000
00110000000000000110010000000000000000000000000000000000000001000000000000000000001000010000000000
01000000100000000000000001000010000000000000000000001000000000000000000000000000000000000000000000
00000000000000000100000000001000000000000000000000000000000000000000000000000000000000000000000000
00000000000000000000010000000000000000000000000000000000000001000000000000001000000000000000000000
00000000000000000000000000000000000000100000000000000000000000000000000000000000000000000000000000
00000000000000000000000000000000001100000001000000000000000000000000001010000000000000000000000000
00000000000000000000000000000001000000000000000000000000000010000000000000000000000000100000000000
00000000000000000000000000000100000000000000000000000000000001010000000000000000000000000000000000
00000000000000000000000000000000000000110000010000000000000000000000000000000000000000000000010000
00000000000000000000000000000000010000010000000000000000000000000000000010000000000010000000000000
00000000000001000000000000000001000000000000000000000000000000000000000000000000000000000000010100
00000000000000100000000000000000000000000000000000000000000000000000000000000000000000000000000000
00000000000000000000000000000000000100000000000000000000000000000100000000000000000000000000000000
00000000000000000010000000000000000000000000000000000000000000000000100000000000000000000010000000
00000000000000000000000000000000000000000000000000000000000000000000000000000000000000000000000000
00000000000000000000000000000000000000000000000000000000000000000000000000000000000000000000000000
00000000000000000000000000000000000000000000000000100000000000000000000000000000000000000000000000
00000000000000000000000000000000000000100000100100010000000000000000000000001000000000010000000010
00000000000001000000000000000000001000000000000000000000000000000000000000000000000000000000000000
00000000000000000000000000000001000000000000000000010000000000000000000000000000000000000100000000
00000000000000000000000000100000000000010000000000000000000000000000000000000000000000000000000000
00000000000011000010000001000000010000000011000000000000100000000000000000000000000000000000000000
00000000000000000000000010000000000000000000000000000000000000000000000000000000000000000000000000
00000010100000000000000000000000000000000000000000000000000000000000000000000001000000000000000000
00000000000000000010000000000000000000000000000000000000010000000000000000000000000100000000000000
00000000000000000000000000000000000000000000000000000000000000000000000000000000000001000000000000
00000000100000000000000000000000000000000001000001000000000000000000000000000000000000000000000000
00000000000000000000000000000000000000000000000000000000000000000000000000000000000001000000000000
00000000000000000010000000000000000010000000000001000100000000000000000001000000000000001000000000
00000000000000000100000000000000000000000001000000000000000000000000000010000000000000000000000000
00000000000000000000000000010000000100000000000000000000000000000000000000000000000000000000000000
00000000000000000000000000000000000000000000000000000000000000000000000000000000000000001000100000
00000000000000000000000000000000000000000000000100000000000001000000000000000000000000000000000000
00000000000000000000000000000100000000000000000000000000000000000000000000000000000000000000000000
00000000000000100010010000000000000000000000000000000000000000000000000000000000000000000000000000
00000000000010000010000000000100000000000000000000000000000000000001000000000000000000000000000000
00010000000000100100000000000000000000000000000000000000000000000000000000000000000000000000000000
00000000000000000000000000000000100000000000000000000000000000000000000000000000000000000000000000
00000000001010000000000010000000000000000000100000000000000000000000000000000000000000000000000000
11000000000000000000000000000000100000000000000000000000000000000000100000000000000000000001000000
00000000000000000000000000000000001000000000000000000100000000000000000000000000000000000000000000
00000000000000000000000000100000000000000000000000000000000000000000010100000000000000000000000000
10000000000000000000000000000000000000000000000000100000000000000000000000000000000000000000000000
00000000000000000000000000000000100000100100100000000000000001000000000000000000000000000000000000
00000000000000000000000000000000000000000000000000000000000000000000000010010000000000000100000000
00000000000000000000100000000000100000000000000000000000000000010000000000000000000000001000000000
00000100000000000000000000001000000000001000000000000000010000000000000000000000000000000000000000
00000000000000000000000010000000000000000000000000000000000000000000000000000000000100000000000010
00000000000000000000000000000000000001000000000000000000000000000000000000010000000000000000000000
00000000000000000000000000000000000000000000000000001010000000000000000000000000000000000000000000
00000000000000000000000000000000000000000000000000000000000000000000000000000000000000000000000001
00000000000000000000000000000000010001000000000000000010000000000000000000000000000000000000000000
00000000000010000000000000100000000000000000000000000000000001000000000000000000000000000001000000
00000000000000000000000000000000000000000000000000000000000000000000000000000000000000000000001000
