98
0.027974300939767383
7
789
63 76 3
2 20 5
27 97 -1
31 62 3
40 47 6
3 9 3
89 96 4
4 19 -1
22 94 -1
42 83 4
24 68 3
52 62 4
77 80 4
12 80 4
6 97 -1
67 79 1
63 95 3
63 84 5
32 36 4
42 91 4
38 84 4
32 35 4
15 97 -1
5 80 5
20 83 3
56 64 5
60 77 5
4 64 4
62 93 3
13 37 3
22 40 5
70 95 4
10 56 4
61 78 3
41 92 5
0 3 4
30 69 7
54 60 3
77 91 4
16 19 -1
18 92 4
24 67 4
7 44 3
28 37 7
0 41 2
43 71 6
52 58 -1
3 75 5
44 59 -1
8 14 3
12 55 4
80 85 6
33 45 3
58 97 -1
90 95 5
71 90 8
5 64 6
18 45 3
21 38 3
12 45 3
38 48 1
7 79 4
12 70 3
68 93 5
2 22 5
26 54 5
18 54 3
32 34 4
55 77 4
64 85 2
19 41 -1
5 78 4
42 92 5
23 28 7
20 39 5
72 88 1
10 77 4
56 72 3
15 22 6
35 47 5
55 59 -1
24 81 4
58 67 -1
5 41 3
18 27 1
8 90 4
26 42 4
36 42 4
35 79 4
69 81 7
15 74 6
54 55 4
41 52 3
24 54 5
48 76 3
47 54 5
61 80 3
57 70 4
24 62 4
13 63 3
4 11 5
16 40 4
15 96 5
80 92 6
81 94 -1
3 52 4
44 93 4
83 85 4
9 21 3
13 45 3
3 61 2
9 10 4
22 31 1
17 21 2
64 90 6
5 85 6
27 76 4
12 59 -1
63 94 -1
70 94 -1
8 71 7
9 31 4
9 16 5
7 9 5
31 37 3
39 66 6
87 92 5
3 68 3
20 68 4
58 85 -1
8 50 4
16 33 3
81 83 2
1 73 5
49 62 2
25 81 4
0 57 3
50 76 5
35 88 3
62 73 4
1 85 5
47 62 6
2 11 3
1 31 3
8 48 4
22 75 5
16 85 6
78 91 4
22 27 4
6 88 4
21 84 5
27 86 5
0 53 3
9 40 4
11 51 4
23 84 5
36 81 5
20 87 3
63 77 3
28 42 5
29 34 5
11 55 4
36 48 6
53 56 3
27 79 2
62 88 4
58 83 -1
6 34 4
27 52 5
76 95 6
26 82 3
1 87 3
23 53 4
57 77 4
44 54 4
14 58 -1
12 21 3
30 77 4
30 44 5
87 94 -1
34 92 5
23 44 4
1 8 2
4 59 -1
51 68 4
24 33 4
6 13 3
1 55 4
70 76 5
12 92 5
18 64 4
71 83 5
37 65 3
1 21 5
14 88 4
27 37 5
21 46 3
38 69 5
11 76 3
9 61 3
52 72 3
26 95 5
29 44 3
29 52 3
45 94 -1
31 38 4
45 61 3
32 93 4
13 49 3
84 88 3
12 53 3
35 40 5
52 54 2
54 73 4
15 45 3
74 76 5
30 37 4
55 73 4
28 96 5
55 69 8
21 89 4
48 54 4
1 42 4
80 95 5
39 89 4
27 83 3
28 89 6
26 47 3
48 83 4
90 97 -1
65 79 2
6 23 6
19 75 -1
31 84 5
9 27 2
48 57 5
25 88 4
76 78 3
22 23 7
5 49 5
11 31 5
37 83 5
14 90 4
21 79 3
26 72 4
51 60 4
26 89 5
49 84 2
45 62 4
68 83 1
63 89 1
36 50 6
30 83 3
20 51 3
52 92 5
12 72 3
41 88 4
4 90 3
15 52 4
44 70 4
35 94 -1
1 52 2
27 36 3
53 92 4
17 24 3
5 42 5
6 80 5
46 76 4
27 46 4
53 85 4
5 93 6
18 24 3
30 39 3
28 70 5
15 68 5
33 95 1
31 54 1
11 74 5
49 66 3
17 90 3
6 78 4
11 69 7
6 52 3
47 53 5
21 64 5
55 64 6
26 28 6
59 90 -1
39 84 2
56 92 5
49 63 4
0 16 1
32 59 -1
17 42 4
2 97 -1
27 93 5
33 35 3
30 86 5
71 94 -1
6 31 4
31 48 5
45 49 3
0 50 2
62 76 6
14 22 1
26 88 5
68 92 5
6 67 1
44 55 4
9 36 3
39 52 1
11 34 6
65 97 -1
19 28 -1
0 24 3
38 74 5
10 28 4
1 3 5
10 85 5
28 59 -1
8 73 3
34 71 7
0 13 4
34 62 1
93 97 -1
59 89 -1
40 57 2
9 83 3
59 76 -1
25 78 2
9 30 5
19 62 -1
11 96 4
58 87 -1
53 82 4
12 54 3
8 34 3
56 84 4
34 53 2
11 56 5
24 34 3
34 65 3
30 74 6
2 96 3
18 67 2
6 32 3
62 86 5
40 54 5
15 84 4
45 59 -1
5 59 -1
30 52 2
82 93 5
73 97 -1
32 75 3
33 60 5
61 91 2
70 71 7
35 71 6
10 25 4
46 79 4
77 83 5
8 25 2
49 75 3
57 58 -1
56 76 5
10 86 2
16 72 5
62 90 5
44 95 4
64 94 -1
86 92 6
72 95 3
49 95 4
45 81 3
7 16 3
21 55 3
24 60 6
14 45 2
73 86 6
31 65 2
59 74 -1
31 56 3
2 76 3
58 80 -1
19 27 -1
58 93 -1
28 68 3
33 78 3
12 16 4
57 64 5
11 35 5
22 41 6
40 59 -1
57 89 4
2 50 4
30 78 4
62 96 4
0 85 5
27 94 -1
10 52 5
4 96 4
24 80 4
11 67 5
18 35 3
40 91 5
16 63 5
53 77 5
46 53 4
5 16 2
7 76 5
46 83 5
33 90 4
38 67 4
41 79 4
12 67 2
11 85 6
16 42 5
8 17 4
61 76 1
0 92 5
26 73 5
3 96 3
76 91 3
23 38 4
55 66 7
47 84 6
31 81 4
8 86 4
84 92 5
5 6 4
11 92 7
26 37 6
62 66 5
25 48 4
6 69 7
24 30 5
57 59 -1
23 78 6
12 23 3
43 79 3
26 53 3
7 33 4
47 48 3
42 54 3
50 57 5
12 28 5
6 26 5
69 74 7
54 68 4
13 60 4
17 33 4
30 84 4
38 61 1
63 74 6
2 54 5
26 38 3
8 16 4
24 57 4
41 85 5
33 96 3
19 64 -1
24 48 5
19 87 -1
4 21 4
22 59 -1
10 70 5
11 58 -1
28 48 6
8 32 1
13 52 3
15 67 2
33 62 3
44 73 2
55 88 5
13 82 3
29 89 3
54 69 7
61 85 3
79 88 3
36 45 5
46 86 5
49 71 7
65 83 3
34 45 4
33 52 3
20 85 7
14 84 5
4 9 4
16 60 4
49 69 7
69 71 2
0 5 1
47 91 3
17 53 3
27 64 5
35 43 2
36 68 3
28 82 4
28 58 -1
47 69 5
75 80 5
39 78 4
8 47 4
50 54 2
49 72 1
10 81 4
39 74 5
21 95 5
1 4 3
27 80 4
23 51 4
39 67 4
41 95 3
42 48 5
31 45 2
20 37 5
1 49 4
36 82 4
27 51 4
29 65 2
7 14 5
16 37 5
14 16 6
44 45 4
13 73 3
23 94 -1
21 96 3
11 78 2
25 38 3
24 55 6
73 96 4
3 37 6
1 81 3
30 82 4
54 72 4
62 63 4
3 18 2
16 93 6
55 74 5
18 50 4
15 42 4
24 52 5
24 92 6
6 65 2
45 76 4
9 33 3
29 46 5
83 84 5
69 83 5
71 73 7
25 85 5
29 55 3
70 90 5
0 71 6
65 66 4
0 9 4
67 69 6
4 20 5
61 96 1
4 60 4
10 84 5
10 87 3
72 85 5
51 76 2
25 67 3
29 57 3
18 78 1
14 39 4
55 81 6
38 54 3
9 47 4
20 61 4
49 77 5
6 18 3
46 94 -1
23 32 5
61 63 2
12 41 4
26 44 3
52 93 1
24 90 5
8 26 5
45 88 4
16 67 5
67 76 5
48 65 5
21 87 2
35 90 5
0 18 3
1 2 4
21 63 4
63 73 4
17 80 1
91 97 -1
17 57 3
21 77 5
30 90 2
55 57 4
34 41 5
10 50 3
29 67 2
43 86 5
8 27 4
49 83 4
33 57 3
51 79 2
5 50 3
45 82 4
28 50 5
20 28 7
37 85 7
34 96 5
47 93 4
1 32 2
64 75 5
31 53 4
19 31 -1
7 24 3
18 47 3
42 55 4
32 69 6
70 74 3
1 44 4
46 87 3
32 56 5
25 53 3
78 88 3
62 64 5
37 62 4
11 43 5
18 25 2
32 71 6
48 92 7
28 65 4
4 95 2
88 95 4
2 46 3
4 39 3
0 91 2
22 45 3
41 65 3
39 83 4
65 72 2
27 65 2
36 61 4
27 38 4
4 38 3
8 89 2
17 60 6
43 94 -1
28 97 -1
67 90 4
25 52 2
26 86 5
31 86 2
22 92 5
27 44 2
9 70 4
34 82 4
43 60 5
17 27 3
17 72 2
58 84 -1
26 34 5
29 92 6
2 30 4
56 68 3
18 42 2
64 93 3
56 87 4
59 77 -1
24 49 2
12 65 1
1 14 3
17 63 4
0 15 4
23 36 6
13 84 3
1 61 4
54 91 5
69 78 7
5 23 6
17 48 4
81 89 2
12 17 3
28 39 6
41 61 2
53 87 4
30 50 4
56 82 3
5 53 4
2 92 6
14 67 4
61 65 3
15 31 5
75 86 6
60 85 8
11 70 6
36 70 3
2 19 -1
25 69 6
57 76 4
25 45 1
27 45 4
16 89 4
2 48 4
46 69 7
36 43 3
24 95 5
64 87 4
40 77 5
50 68 4
35 74 1
37 77 6
13 20 5
15 32 4
5 91 3
53 59 -1
51 63 1
86 89 4
10 57 4
2 25 4
56 71 6
47 68 4
13 31 2
38 49 5
45 55 3
0 87 3
51 85 4
47 65 4
29 41 4
52 89 4
6 96 4
31 55 3
44 89 3
23 46 6
28 88 5
64 80 6
9 57 2
20 77 5
25 29 1
14 85 6
92 97 -1
13 23 5
26 27 5
25 72 3
28 75 6
29 54 3
39 79 4
62 94 -1
65 87 3
3 40 5
41 77 5
2 85 5
27 87 3
27 47 4
14 42 3
32 47 3
7 60 5
82 94 -1
18 34 3
6 55 5
25 86 3
18 82 2
60 89 4
14 38 4
2 4 3
32 95 5
79 87 3
8 77 4
10 44 2
79 83 3
72 78 2
19 55 -1
22 79 4
25 65 1
25 77 2
12 34 4
34 47 6
0 52 4
20 24 5
30 53 3
34 66 4
50 53 5
57 85 6
91 92 6
55 94 -1
35 66 2
