49
0.04510938787096239
9
419
10 45 4
6 7 -1
7 36 -1
43 48 2
0 11 7
14 26 5
18 29 4
20 37 -1
4 35 4
14 22 7
10 46 2
36 40 5
20 45 -1
21 46 4
13 28 3
30 34 7
1 32 -1
6 41 -1
6 29 -1
20 44 1
23 33 5
27 36 -1
36 46 4
19 43 1
0 42 7
21 23 6
0 12 -1
17 33 -1
2 16 2
14 17 -1
15 30 5
32 48 2
3 17 -1
15 46 6
37 38 6
17 48 -1
5 45 -1
6 27 -1
17 30 -1
13 39 5
38 47 5
17 32 -1
4 41 3
21 45 3
15 45 5
15 19 2
8 45 4
32 40 4
2 41 5
18 21 5
13 21 7
9 40 8
25 29 3
42 43 4
24 46 4
13 40 8
21 41 3
8 34 6
0 37 7
19 46 4
21 48 3
23 46 5
40 48 4
19 34 5
0 45 6
43 47 2
13 44 -1
0 32 4
5 39 -1
5 34 -1
7 31 -1
16 39 2
13 34 8
35 41 7
3 13 1
2 46 3
14 21 6
5 8 -1
0 41 8
25 26 3
31 35 6
1 31 -1
6 9 -1
24 39 5
11 40 1
45 46 3
5 44 -1
10 33 2
19 36 4
39 40 5
23 36 6
2 19 4
17 42 -1
28 44 -1
6 31 -1
16 38 2
39 46 1
28 47 4
33 47 4
14 40 7
31 32 3
29 33 4
23 44 -1
2 43 3
7 20 -1
38 39 4
5 6 -1
28 43 2
6 37 -1
16 17 -1
25 39 2
2 22 5
2 20 -1
26 33 4
3 36 6
1 4 -1
10 23 5
21 40 3
10 15 6
0 14 7
6 14 -1
6 36 -1
4 46 2
2 28 5
3 16 2
20 47 -1
31 48 1
26 40 4
21 34 5
5 24 -1
37 39 4
0 26 6
6 16 -1
31 36 4
7 24 -1
24 37 6
0 16 3
44 47 -1
15 17 -1
1 27 -1
44 45 -1
14 47 5
30 41 7
23 28 4
6 28 -1
28 46 5
9 20 -1
11 36 4
39 47 3
9 47 6
8 40 6
14 36 5
11 16 4
15 42 7
3 14 6
8 14 5
5 18 -1
40 44 -1
4 29 3
7 44 -1
4 28 3
25 36 4
30 32 3
15 27 -1
7 10 -1
1 40 -1
0 40 8
25 44 -1
14 29 5
35 44 -1
29 40 6
24 44 -1
19 23 5
6 11 -1
30 48 5
31 44 -1
22 35 8
5 17 -1
9 37 7
10 43 4
3 22 5
5 31 -1
10 24 6
26 36 3
35 38 7
44 46 -1
42 46 3
4 14 4
1 5 -1
7 38 -1
11 22 7
22 46 6
34 41 6
15 20 -1
18 23 3
4 31 2
32 45 2
6 40 -1
10 14 1
7 18 -1
33 35 2
13 19 4
40 42 6
20 30 -1
17 34 -1
5 11 -1
25 40 5
1 6 -1
6 21 -1
9 14 7
28 37 5
18 37 5
35 45 3
6 22 -1
17 23 -1
7 34 -1
25 38 4
16 30 2
18 48 4
4 39 2
23 30 4
8 29 4
3 10 5
2 21 4
5 46 -1
39 44 -1
11 14 6
6 19 -1
15 47 5
37 41 5
9 29 6
1 24 -1
15 22 6
13 29 6
6 10 -1
8 23 1
6 38 -1
2 39 2
3 25 4
7 28 -1
0 35 8
15 34 7
1 37 -1
15 48 5
2 12 -1
3 8 1
18 35 6
14 46 3
21 30 6
1 48 -1
11 17 -1
16 31 4
10 18 4
12 48 -1
6 18 -1
24 48 3
20 42 -1
7 19 -1
6 33 -1
17 31 -1
6 20 -1
35 48 5
0 46 6
41 46 5
26 28 4
21 31 4
5 38 -1
24 28 7
1 13 -1
25 32 1
0 19 6
4 20 -1
12 22 -1
11 38 6
14 37 6
2 18 3
7 14 -1
31 37 4
11 30 6
15 38 3
24 25 4
7 25 -1
12 20 -1
2 4 2
28 41 6
5 42 -1
0 39 5
10 47 4
16 44 -1
9 48 6
7 13 -1
33 39 1
5 48 -1
6 34 -1
16 18 1
13 38 3
21 36 4
5 7 -1
28 31 5
21 27 -1
23 35 7
3 11 6
13 26 6
8 43 4
36 38 6
3 5 -1
15 43 3
7 9 -1
22 38 5
9 16 3
15 24 8
5 36 -1
24 26 5
40 46 5
0 4 5
13 36 7
0 20 -1
4 47 1
36 42 1
11 46 4
10 29 4
15 36 6
20 38 -1
34 37 5
11 24 6
9 21 7
23 24 8
11 28 5
2 27 -1
6 25 -1
23 40 7
32 34 4
0 9 6
15 32 4
25 41 5
16 25 2
46 48 1
3 24 8
17 36 -1
24 27 -1
1 9 -1
17 47 -1
1 29 -1
17 26 -1
28 42 6
0 24 9
35 36 2
8 24 7
10 28 6
10 13 6
8 38 1
0 15 4
9 36 7
26 47 2
20 48 -1
1 7 -1
35 37 6
9 13 6
0 13 4
11 34 5
28 29 6
7 12 -1
10 11 5
9 43 6
19 24 6
36 37 4
2 47 3
0 2 5
37 45 3
2 42 4
31 43 3
14 30 6
8 27 -1
5 33 -1
42 48 4
14 18 5
19 22 7
13 47 6
45 47 2
4 19 2
31 41 5
12 40 -1
3 20 -1
16 33 3
29 46 4
5 14 -1
11 31 4
15 31 6
9 19 7
4 16 2
32 47 2
4 37 2
21 22 7
27 47 -1
13 43 5
10 27 -1
4 32 1
10 21 5
16 27 -1
17 43 -1
12 19 -1
29 32 2
5 35 -1
27 29 -1
23 26 5
6 42 -1
37 42 5
24 33 6
7 37 -1
16 34 5
6 46 -1
24 35 8
3 21 6
20 27 -1
26 43 2
17 25 -1
11 35 6
28 30 6
12 32 -1
