55
0000000000000000000000000000000000000000000000000000000
0000000000001000001000000000000000000000000000000000000
0000000000000000000000000000000000000010010000000000000
0000000000000000000000000000000000000000000000000000000
0000000000000000000000000000000000000000000000000000000
0000000000000000000000000000000000000000000000100000000
0000000000000000000000000000000000010000000000000000000
0000000000000000000000000000000001000000100000000000000
0000000000000000000000000000000000000000000000000000000
0000000000000000000000000000000000000000000000000000000
0000000000000010000000000000000000000000000000000000000
0000000000000000000000000000000000000000000000000000000
0100000000000000000000000000000000000000010000000000000
0000000000000000000000000010000000000000000000000000000
0000000000100000000000001000000000000001000000000000000
0000000000000000000000000000000000000000000000011000000
0000000000000000000000000000000000000000000000000000000
0000000000000000000000000000000000000000000000000000000
0100000000000000000000000000000000000000000000000000000
0000000000000000000000000000000000000000000000000000000
0000000000000000000000000000010000000000000000000000000
0000000000000000000000000000000001000000000000000000000
0000000000000000000000000000000000010000000000000000000
0000000000000000000000000000000000000000000000000000000
0000000000000010000000000000000000000000000000000000000
0000000000000000000000000000000000000000000000000000000
0000000000000100000000000000000000000000000100001000000
0000000000000000000000000000000000000000000000000000000
0000000000000000000000000000000000000000000000000000000
0000000000000000000010000000000000000000000000000000000
0000000000000000000000000000000000000000000000100000010
0000000000000000000000000000000000000000000000000000000
0000000000000000000000000000000000000000000000000000000
0000000100000000000001000000000000000000000100000000000
0000000000000000000000000000000000000000000000000010000
0000001000000000000000100000000000000000000000000000000
0000000000000000000000000000000000000000000000000000000
0000000000000000000000000000000000000010000000000000000
0010000000000000000000000000000000000100000000000000000
0000000000000010000000000000000000000000000000000000000
0000000100000000000000000000000000000000000000000000000
0010000000001000000000000000000000000000000000000000000
0000000000000000000000000000000000000000000000000000000
0000000000000000000000000010000001000000000000000000000
0000000000000000000000000000000000000000000000000000000
0000000000000000000000000000000000000000000000000000000
0000010000000000000000000000001000000000000000000100001
0000000000000001000000000000000000000000000000000000000
0000000000000001000000000010000000000000000000000000000
0000000000000000000000000000000000000000000000100000000
0000000000000000000000000000000000100000000000000000000
0000000000000000000000000000000000000000000000000000000
0000000000000000000000000000000000000000000000000000000
0000000000000000000000000000001000000000000000000000000
0000000000000000000000000000000000000000000000100000000
