55
0.023355984054911585
3
179
12 37 4
0 54 -1
4 30 -1
8 44 -1
9 45 -1
31 33 -1
6 40 -1
32 39 -1
8 16 -1
11 20 -1
28 35 -1
2 54 -1
10 45 -1
16 46 -1
16 49 -1
9 26 -1
2 20 -1
45 47 -1
52 54 -1
4 5 -1
14 30 -1
41 42 -1
10 54 -1
25 51 -1
5 53 3
13 28 -1
45 46 -1
8 31 -1
7 31 -1
2 4 -1
38 39 -1
3 37 -1
1 33 -1
14 35 -1
39 47 -1
11 43 -1
42 50 -1
17 20 -1
26 46 -1
20 25 -1
4 25 -1
14 41 -1
23 36 -1
29 54 -1
45 53 -1
1 40 -1
16 27 -1
22 46 -1
20 22 -1
35 48 -1
40 45 -1
15 31 -1
8 19 -1
26 43 1
25 48 -1
16 34 -1
25 28 -1
24 40 -1
28 39 -1
42 53 -1
1 15 -1
5 51 -1
13 30 -1
9 40 -1
9 15 -1
16 35 -1
39 42 -1
32 48 -1
30 45 -1
12 46 -1
17 38 -1
26 30 -1
11 37 -1
0 26 -1
33 46 -1
0 10 -1
16 41 -1
2 50 -1
6 11 -1
23 30 -1
9 44 -1
19 38 -1
12 32 -1
2 33 -1
18 19 -1
5 49 2
6 9 -1
21 51 -1
22 50 -1
31 50 -1
27 41 -1
11 53 -1
38 40 -1
10 25 -1
13 54 -1
19 50 -1
15 45 -1
12 16 -1
37 52 -1
17 33 -1
28 43 -1
19 33 -1
7 46 -1
38 51 -1
24 27 -1
3 12 -1
16 36 -1
4 17 -1
20 28 -1
22 36 -1
38 43 -1
38 49 -1
29 41 -1
11 54 -1
24 32 -1
22 51 -1
0 50 -1
28 32 -1
28 47 -1
19 52 -1
2 39 -1
14 18 -1
44 49 -1
18 42 -1
37 45 -1
11 29 -1
6 14 -1
22 49 -1
1 13 -1
41 44 -1
13 34 -1
6 37 -1
0 1 -1
26 48 1
25 31 -1
7 43 2
15 47 1
11 50 -1
18 27 -1
3 26 -1
0 32 -1
21 54 -1
17 43 -1
17 32 -1
11 36 -1
19 37 -1
29 53 -1
1 39 -1
27 38 -1
2 48 -1
36 53 -1
27 54 -1
38 52 -1
34 36 -1
43 47 4
3 5 -1
7 27 -1
23 48 -1
19 51 -1
43 52 -1
20 26 -1
45 51 -1
0 13 -1
2 51 -1
6 34 -1
33 40 2
16 37 -1
15 53 -1
13 47 4
5 25 -1
3 28 -1
47 50 -1
1 8 -1
29 32 -1
17 30 -1
47 51 -1
0 53 -1
1 7 -1
21 39 -1
